q2 Fs Ff Fg Fm Fp Fzt Fmt Fpt
0.012 -0.444989 4.50806 0.105685 0.0992527 -0.078516 -0.00319385 0.402317 -0.675729
0.11868 -0.447425 4.5201 0.106225 0.0997339 -0.0788556 -0.00321862 0.404407 -0.679228
0.22536 -0.449887 4.53227 0.106772 0.10022 -0.0791987 -0.0032437 0.40652 -0.682766
0.33204 -0.452377 4.54458 0.107325 0.100712 -0.0795453 -0.00326907 0.408656 -0.686341
0.43872 -0.454893 4.55703 0.107884 0.101209 -0.0798954 -0.00329475 0.410815 -0.689956
0.5454 -0.457436 4.56961 0.108448 0.10171 -0.0802491 -0.00332074 0.412997 -0.693609
0.65208 -0.460006 4.58234 0.109019 0.102218 -0.0806062 -0.00334705 0.415203 -0.697301
0.75876 -0.462604 4.59519 0.109596 0.10273 -0.0809669 -0.00337367 0.417432 -0.701032
0.86544 -0.465229 4.60818 0.110179 0.103248 -0.0813311 -0.0034006 0.419684 -0.704803
0.97212 -0.467882 4.62131 0.110768 0.103771 -0.0816988 -0.00342786 0.421961 -0.708613
1.0788 -0.470562 4.63457 0.111363 0.104299 -0.0820701 -0.00345545 0.424261 -0.712463
1.18548 -0.473271 4.64797 0.111964 0.104833 -0.082445 -0.00348336 0.426585 -0.716354
1.29216 -0.476008 4.66149 0.112571 0.105372 -0.0828234 -0.0035116 0.428933 -0.720284
1.39884 -0.478774 4.67515 0.113185 0.105917 -0.0832054 -0.00354019 0.431305 -0.724256
1.50552 -0.481568 4.68895 0.113805 0.106467 -0.083591 -0.00356911 0.433702 -0.728268
1.6122 -0.484391 4.70287 0.114432 0.107023 -0.0839801 -0.00359837 0.436123 -0.732321
1.71888 -0.487242 4.71693 0.115065 0.107584 -0.0843729 -0.00362798 0.438569 -0.736415
1.82556 -0.490123 4.73111 0.115704 0.10815 -0.0847692 -0.00365794 0.44104 -0.740551
1.93224 -0.493034 4.74543 0.11635 0.108722 -0.0851692 -0.00368825 0.443535 -0.744728
2.03892 -0.495973 4.75987 0.117002 0.1093 -0.0855728 -0.00371893 0.446056 -0.748948
2.1456 -0.498943 4.77445 0.11766 0.109883 -0.08598 -0.00374996 0.448602 -0.75321
2.25228 -0.501942 4.78915 0.118325 0.110472 -0.0863908 -0.00378136 0.451173 -0.757514
2.35896 -0.504971 4.80398 0.118997 0.111066 -0.0868053 -0.00381312 0.45377 -0.76186
2.46564 -0.508031 4.81893 0.119676 0.111666 -0.0872234 -0.00384526 0.456393 -0.76625
2.57232 -0.51112 4.83402 0.120361 0.112272 -0.0876452 -0.00387778 0.459041 -0.770683
2.679 -0.514241 4.84923 0.121052 0.112884 -0.0880706 -0.00391068 0.461715 -0.775159
2.78568 -0.517392 4.86456 0.121751 0.113501 -0.0884997 -0.00394396 0.464416 -0.779679
2.89236 -0.520575 4.88002 0.122456 0.114124 -0.0889324 -0.00397763 0.467142 -0.784243
2.99904 -0.523788 4.8956 0.123168 0.114753 -0.0893688 -0.0040117 0.469896 -0.788851
3.10572 -0.527033 4.91131 0.123887 0.115388 -0.0898089 -0.00404616 0.472675 -0.793503
3.2124 -0.530309 4.92714 0.124613 0.116028 -0.0902527 -0.00408103 0.475482 -0.7982
3.31908 -0.533618 4.9431 0.125346 0.116675 -0.0907002 -0.0041163 0.478315 -0.802942
3.42576 -0.536958 4.95917 0.126085 0.117327 -0.0911514 -0.00415198 0.481175 -0.807729
3.53244 -0.54033 4.97537 0.126832 0.117985 -0.0916063 -0.00418807 0.484063 -0.812562
3.63912 -0.543735 4.99168 0.127586 0.118649 -0.0920649 -0.00422459 0.486977 -0.81744
3.7458 -0.547172 5.00812 0.128346 0.119319 -0.0925272 -0.00426152 0.48992 -0.822364
3.85248 -0.550642 5.02467 0.129114 0.119996 -0.0929932 -0.00429889 0.49289 -0.827335
3.95916 -0.554146 5.04135 0.129889 0.120678 -0.093463 -0.00433669 0.495888 -0.832351
4.06584 -0.557682 5.05814 0.130671 0.121366 -0.0939365 -0.00437492 0.498913 -0.837415
4.17252 -0.561252 5.07505 0.131461 0.12206 -0.0944137 -0.0044136 0.501967 -0.842526
4.2792 -0.564855 5.09207 0.132258 0.122761 -0.0948946 -0.00445272 0.505049 -0.847684
4.38588 -0.568492 5.10922 0.133062 0.123468 -0.0953793 -0.0044923 0.50816 -0.852889
4.49256 -0.572164 5.12647 0.133873 0.12418 -0.0958678 -0.00453233 0.5113 -0.858143
4.59924 -0.575869 5.14384 0.134692 0.124899 -0.09636 -0.00457282 0.514468 -0.863444
4.70592 -0.579609 5.16133 0.135519 0.125625 -0.096856 -0.00461378 0.517665 -0.868794
4.8126 -0.583384 5.17893 0.136352 0.126356 -0.0973557 -0.00465521 0.520891 -0.874193
4.91928 -0.587194 5.19664 0.137194 0.127094 -0.0978592 -0.00469711 0.524147 -0.879641
5.02596 -0.591039 5.21446 0.138043 0.127838 -0.0983665 -0.0047395 0.527432 -0.885138
5.13264 -0.594919 5.2324 0.138899 0.128588 -0.0988775 -0.00478238 0.530747 -0.890684
5.23932 -0.598835 5.25044 0.139763 0.129345 -0.0993924 -0.00482574 0.534092 -0.896281
5.346 -0.602787 5.26859 0.140635 0.130108 -0.099911 -0.00486961 0.537466 -0.901927
5.45268 -0.606775 5.28686 0.141515 0.130878 -0.100433 -0.00491397 0.540871 -0.907624
5.55936 -0.610799 5.30523 0.142403 0.131654 -0.10096 -0.00495884 0.544306 -0.913372
5.66604 -0.614859 5.3237 0.143298 0.132437 -0.10149 -0.00500423 0.547772 -0.91917
5.77272 -0.618957 5.34229 0.144201 0.133226 -0.102023 -0.00505014 0.551269 -0.92502
5.8794 -0.623091 5.36098 0.145112 0.134021 -0.102561 -0.00509657 0.554796 -0.930922
5.98608 -0.627263 5.37977 0.146032 0.134824 -0.103102 -0.00514353 0.558355 -0.936875
6.09276 -0.631472 5.39867 0.146959 0.135633 -0.103647 -0.00519103 0.561945 -0.942881
6.19944 -0.635719 5.41767 0.147894 0.136448 -0.104196 -0.00523907 0.565566 -0.94894
6.30612 -0.640003 5.43678 0.148837 0.13727 -0.104749 -0.00528766 0.569219 -0.955051
6.4128 -0.644326 5.45599 0.149789 0.138099 -0.105306 -0.0053368 0.572904 -0.961215
6.51948 -0.648688 5.4753 0.150749 0.138935 -0.105866 -0.0053865 0.576621 -0.967433
6.62616 -0.653088 5.4947 0.151717 0.139777 -0.10643 -0.00543677 0.580371 -0.973705
6.73284 -0.657527 5.51421 0.152693 0.140626 -0.106998 -0.00548761 0.584152 -0.980031
6.83952 -0.662005 5.53382 0.153678 0.141482 -0.10757 -0.00553903 0.587967 -0.986411
6.9462 -0.666523 5.55352 0.154671 0.142345 -0.108146 -0.00559103 0.591814 -0.992846
7.05288 -0.671081 5.57332 0.155672 0.143214 -0.108725 -0.00564363 0.595694 -0.999336
7.15956 -0.675678 5.59322 0.156683 0.144091 -0.109308 -0.00569682 0.599607 -1.00588
7.26624 -0.680316 5.61321 0.157701 0.144974 -0.109895 -0.00575062 0.603554 -1.01248
7.37292 -0.684994 5.6333 0.158728 0.145865 -0.110486 -0.00580503 0.607534 -1.01914
7.4796 -0.689713 5.65348 0.159764 0.146762 -0.111081 -0.00586006 0.611549 -1.02585
7.58628 -0.694473 5.67375 0.160809 0.147667 -0.111679 -0.00591571 0.615597 -1.03262
7.69296 -0.699274 5.69412 0.161862 0.148578 -0.112282 -0.005972 0.61968 -1.03945
7.79964 -0.704117 5.71457 0.162925 0.149497 -0.112888 -0.00602892 0.623797 -1.04634
7.90632 -0.709002 5.73512 0.163996 0.150423 -0.113498 -0.00608649 0.627948 -1.05328
8.013 -0.713929 5.75575 0.165076 0.151355 -0.114111 -0.00614471 0.632135 -1.06028
8.11968 -0.718898 5.77647 0.166165 0.152296 -0.114729 -0.00620359 0.636356 -1.06734
8.22636 -0.72391 5.79728 0.167263 0.153243 -0.11535 -0.00626314 0.640613 -1.07446
8.33304 -0.728965 5.81817 0.16837 0.154197 -0.115975 -0.00632337 0.644906 -1.08164
8.43972 -0.734063 5.83915 0.169486 0.155159 -0.116604 -0.00638428 0.649234 -1.08888
8.5464 -0.739204 5.86022 0.170612 0.156129 -0.117237 -0.00644588 0.653598 -1.09617
8.65308 -0.744389 5.88136 0.171746 0.157105 -0.117873 -0.00650817 0.657998 -1.10353
8.75976 -0.749619 5.90259 0.17289 0.158089 -0.118513 -0.00657117 0.662435 -1.11095
8.86644 -0.754893 5.9239 0.174044 0.15908 -0.119157 -0.00663489 0.666908 -1.11843
8.97312 -0.760211 5.94529 0.175206 0.160079 -0.119805 -0.00669933 0.671419 -1.12597
9.0798 -0.765575 5.96676 0.176379 0.161085 -0.120457 -0.00676449 0.675966 -1.13357
9.18648 -0.770983 5.98831 0.17756 0.162099 -0.121112 -0.0068304 0.68055 -1.14124
9.29316 -0.776438 6.00993 0.178752 0.163121 -0.121771 -0.00689705 0.685172 -1.14896
9.39984 -0.781938 6.03163 0.179953 0.164149 -0.122434 -0.00696446 0.689832 -1.15675
9.50652 -0.787484 6.05341 0.181163 0.165186 -0.123101 -0.00703263 0.69453 -1.16461
9.6132 -0.793077 6.07526 0.182384 0.16623 -0.123771 -0.00710157 0.699266 -1.17252
9.71988 -0.798717 6.09718 0.183614 0.167282 -0.124445 -0.00717129 0.704041 -1.18051
9.82656 -0.804403 6.11918 0.184854 0.168342 -0.125123 -0.0072418 0.708854 -1.18855
9.93324 -0.810138 6.14124 0.186104 0.169409 -0.125804 -0.00731311 0.713706 -1.19666
10.0399 -0.815919 6.16338 0.187364 0.170484 -0.126489 -0.00738523 0.718598 -1.20484
10.1466 -0.821749 6.18558 0.188635 0.171567 -0.127178 -0.00745817 0.723529 -1.21308
10.2533 -0.827628 6.20785 0.189915 0.172658 -0.127871 -0.00753193 0.728499 -1.22139
10.36 -0.833555 6.23019 0.191205 0.173756 -0.128567 -0.00760653 0.73351 -1.22976
10.4666 -0.839531 6.25259 0.192506 0.174863 -0.129267 -0.00768197 0.738561 -1.2382
10.5733 -0.845556 6.27505 0.193817 0.175977 -0.12997 -0.00775827 0.743652 -1.24671
