BGL coefficients
a_f[0]= 0.01224
a_g[0]= 0.0289
a_F1[0]= 0.00204964
a_F2[0]= 0.0595
a_f[1]= -0.052
a_g[1]= 0.08
a_F1[1]= -0.007
a_F2[1]= -0.318
a_f[2]= 1
a_g[2]= -1
a_F1[2]= 0.089
a_F2[2]= 0
a_f[3]= 0
a_g[3]= 0
a_F1[3]= 0
a_F2[3]= 0
BGL params
chiT1m 0.0005131
chiT1p 0.0003894
chiL1p 0.019421
r 0.380758
q2 z g f F1 F2 Bsck1p Bsck1m, Bsck0 Phig Phif PhiF1 PhiF2 
0.011164 0.0560294 0.223946 4.48284 14.3605 0.544878 0.0911444 0.100989 0.128423 1.33723 0.0305096 0.00147977 0.266206 
0.11794 0.055528 0.224948 4.48285 14.3768 0.548997 0.0909069 0.100726 0.128118 1.33546 0.0305159 0.00148082 0.265853 
0.224716 0.0550256 0.225953 4.48303 14.3936 0.553149 0.0906692 0.100462 0.127811 1.33368 0.0305223 0.00148187 0.265499 
0.331493 0.0545222 0.226963 4.48339 14.4109 0.557336 0.0904314 0.100198 0.127505 1.33191 0.0305287 0.00148293 0.265145 
0.438269 0.0540177 0.227976 4.48392 14.4286 0.561557 0.0901935 0.0999336 0.127198 1.33013 0.030535 0.00148399 0.264791 
0.545045 0.0535121 0.228992 4.48464 14.4467 0.565813 0.0899554 0.0996691 0.126891 1.32834 0.0305414 0.00148505 0.264436 
0.651821 0.0530055 0.230013 4.48554 14.4653 0.570104 0.0897171 0.0994044 0.126583 1.32656 0.0305477 0.00148611 0.264081 
0.758597 0.0524979 0.231037 4.48662 14.4844 0.574431 0.0894787 0.0991395 0.126275 1.32478 0.030554 0.00148717 0.263726 
0.865373 0.0519892 0.232064 4.4879 14.5039 0.578794 0.0892401 0.0988744 0.125967 1.32299 0.0305604 0.00148824 0.26337 
0.972149 0.0514794 0.233096 4.48936 14.5239 0.583193 0.0890013 0.098609 0.125658 1.3212 0.0305667 0.0014893 0.263014 
1.07893 0.0509686 0.234131 4.49102 14.5444 0.587629 0.0887624 0.0983434 0.125349 1.31941 0.030573 0.00149037 0.262658 
1.1857 0.0504566 0.235169 4.49287 14.5654 0.592103 0.0885234 0.0980776 0.12504 1.31762 0.0305793 0.00149144 0.262301 
1.29248 0.0499436 0.236212 4.49492 14.5868 0.596614 0.0882842 0.0978116 0.12473 1.31582 0.0305856 0.00149251 0.261944 
1.39925 0.0494295 0.237258 4.49717 14.6088 0.601163 0.0880448 0.0975454 0.12442 1.31403 0.0305919 0.00149358 0.261586 
1.50603 0.0489144 0.238308 4.49962 14.6312 0.60575 0.0878053 0.097279 0.124109 1.31223 0.0305982 0.00149465 0.261229 
1.61281 0.0483981 0.239361 4.50228 14.6542 0.610376 0.0875656 0.0970123 0.123799 1.31043 0.0306045 0.00149573 0.26087 
1.71958 0.0478807 0.240418 4.50515 14.6776 0.615042 0.0873258 0.0967454 0.123487 1.30863 0.0306108 0.00149681 0.260512 
1.82636 0.0473622 0.241479 4.50823 14.7016 0.619747 0.0870858 0.0964783 0.123176 1.30683 0.0306171 0.00149788 0.260153 
1.93313 0.0468427 0.242544 4.51152 14.7261 0.624492 0.0868456 0.096211 0.122864 1.30502 0.0306234 0.00149897 0.259794 
2.03991 0.046322 0.243612 4.51503 14.7512 0.629278 0.0866053 0.0959435 0.122552 1.30322 0.0306296 0.00150005 0.259434 
2.14669 0.0458002 0.244684 4.51877 14.7767 0.634106 0.0863649 0.0956757 0.122239 1.30141 0.0306359 0.00150113 0.259074 
2.25346 0.0452773 0.24576 4.52272 14.8028 0.638974 0.0861243 0.0954077 0.121927 1.2996 0.0306421 0.00150222 0.258714 
2.36024 0.0447532 0.246839 4.5269 14.8295 0.643885 0.0858835 0.0951395 0.121613 1.29779 0.0306484 0.0015033 0.258353 
2.46702 0.0442281 0.247922 4.53132 14.8567 0.648838 0.0856426 0.0948711 0.1213 1.29597 0.0306546 0.00150439 0.257992 
2.57379 0.0437018 0.249009 4.53596 14.8845 0.653834 0.0854016 0.0946025 0.120986 1.29416 0.0306609 0.00150548 0.257631 
2.68057 0.0431743 0.2501 4.54084 14.9128 0.658873 0.0851604 0.0943337 0.120671 1.29234 0.0306671 0.00150657 0.257269 
2.78734 0.0426457 0.251194 4.54596 14.9417 0.663956 0.084919 0.0940646 0.120357 1.29052 0.0306733 0.00150766 0.256907 
2.89412 0.042116 0.252292 4.55133 14.9712 0.669084 0.0846775 0.0937954 0.120042 1.2887 0.0306795 0.00150876 0.256544 
3.0009 0.0415851 0.253394 4.55693 15.0013 0.674256 0.0844358 0.0935259 0.119726 1.28688 0.0306857 0.00150986 0.256181 
3.10767 0.0410531 0.254499 4.56279 15.0319 0.679474 0.084194 0.0932562 0.119411 1.28505 0.0306919 0.00151095 0.255818 
3.21445 0.0405199 0.255608 4.5689 15.0632 0.684738 0.0839521 0.0929862 0.119094 1.28322 0.0306981 0.00151205 0.255454 
3.32123 0.0399856 0.256721 4.57527 15.0951 0.690049 0.0837099 0.0927161 0.118778 1.2814 0.0307043 0.00151315 0.25509 
3.428 0.03945 0.257837 4.58189 15.1276 0.695406 0.0834677 0.0924457 0.118461 1.27957 0.0307105 0.00151426 0.254726 
3.53478 0.0389133 0.258958 4.58878 15.1607 0.700811 0.0832253 0.0921752 0.118144 1.27773 0.0307166 0.00151536 0.254361 
3.64155 0.0383755 0.260082 4.59594 15.1944 0.706264 0.0829827 0.0919044 0.117826 1.2759 0.0307228 0.00151647 0.253996 
3.74833 0.0378364 0.261209 4.60336 15.2288 0.711765 0.08274 0.0916334 0.117509 1.27406 0.0307289 0.00151758 0.253631 
3.85511 0.0372961 0.26234 4.61106 15.2638 0.717316 0.0824971 0.0913622 0.11719 1.27223 0.0307351 0.00151869 0.253265 
3.96188 0.0367547 0.263475 4.61904 15.2995 0.722916 0.0822541 0.0910908 0.116872 1.27039 0.0307412 0.0015198 0.252899 
4.06866 0.0362121 0.264614 4.6273 15.3358 0.728567 0.082011 0.0908191 0.116553 1.26854 0.0307473 0.00152091 0.252532 
4.17543 0.0356682 0.265756 4.63585 15.3729 0.734269 0.0817677 0.0905473 0.116233 1.2667 0.0307534 0.00152202 0.252165 
4.28221 0.0351232 0.266902 4.64468 15.4105 0.740022 0.0815242 0.0902752 0.115914 1.26486 0.0307596 0.00152314 0.251798 
4.38899 0.0345769 0.268051 4.65381 15.4489 0.745828 0.0812806 0.0900029 0.115594 1.26301 0.0307657 0.00152426 0.25143 
4.49576 0.0340294 0.269204 4.66324 15.4879 0.751686 0.0810369 0.0897304 0.115273 1.26116 0.0307718 0.00152538 0.251062 
4.60254 0.0334807 0.270361 4.67297 15.5277 0.757597 0.080793 0.0894577 0.114952 1.25931 0.0307778 0.0015265 0.250693 
4.70932 0.0329308 0.271522 4.683 15.5682 0.763563 0.080549 0.0891848 0.114631 1.25746 0.0307839 0.00152762 0.250325 
4.81609 0.0323796 0.272686 4.69335 15.6093 0.769583 0.0803048 0.0889116 0.11431 1.2556 0.03079 0.00152875 0.249955 
4.92287 0.0318272 0.273853 4.70401 15.6512 0.775659 0.0800605 0.0886383 0.113988 1.25374 0.030796 0.00152987 0.249586 
5.02964 0.0312735 0.275024 4.71499 15.6939 0.78179 0.079816 0.0883647 0.113666 1.25188 0.0308021 0.001531 0.249216 
5.13642 0.0307186 0.276199 4.7263 15.7373 0.787978 0.0795714 0.088091 0.113343 1.25002 0.0308081 0.00153213 0.248845 
5.2432 0.0301625 0.277377 4.73793 15.7814 0.794224 0.0793267 0.087817 0.11302 1.24816 0.0308142 0.00153326 0.248474 
5.34997 0.029605 0.278559 4.7499 15.8263 0.800527 0.0790818 0.0875428 0.112697 1.2463 0.0308202 0.00153439 0.248103 
5.45675 0.0290464 0.279744 4.7622 15.872 0.806889 0.0788368 0.0872684 0.112373 1.24443 0.0308262 0.00153553 0.247732 
5.56352 0.0284864 0.280933 4.77485 15.9184 0.813311 0.0785916 0.0869938 0.112049 1.24256 0.0308322 0.00153667 0.24736 
5.6703 0.0279252 0.282125 4.78784 15.9657 0.819793 0.0783463 0.086719 0.111725 1.24069 0.0308382 0.0015378 0.246987 
5.77708 0.0273627 0.28332 4.80119 16.0137 0.826335 0.0781008 0.0864439 0.1114 1.23882 0.0308442 0.00153894 0.246614 
5.88385 0.0267989 0.284519 4.8149 16.0626 0.832939 0.0778552 0.0861687 0.111075 1.23694 0.0308501 0.00154008 0.246241 
5.99063 0.0262338 0.285722 4.82896 16.1123 0.839606 0.0776095 0.0858932 0.110749 1.23507 0.0308561 0.00154123 0.245868 
6.09741 0.0256674 0.286928 4.8434 16.1628 0.846336 0.0773637 0.0856176 0.110423 1.23319 0.0308621 0.00154237 0.245494 
6.20418 0.0250997 0.288137 4.85821 16.2141 0.853129 0.0771176 0.0853417 0.110097 1.23131 0.030868 0.00154352 0.245119 
6.31096 0.0245307 0.289349 4.8734 16.2663 0.859988 0.0768715 0.0850656 0.10977 1.22943 0.0308739 0.00154467 0.244745 
6.41773 0.0239604 0.290565 4.88897 16.3194 0.866912 0.0766252 0.0847894 0.109443 1.22754 0.0308799 0.00154582 0.24437 
6.52451 0.0233887 0.291784 4.90493 16.3733 0.873902 0.0763788 0.0845129 0.109116 1.22565 0.0308858 0.00154697 0.243994 
6.63129 0.0228158 0.293007 4.92129 16.4282 0.88096 0.0761323 0.0842362 0.108788 1.22377 0.0308917 0.00154812 0.243618 
6.73806 0.0222415 0.294232 4.93804 16.4839 0.888085 0.0758856 0.0839593 0.10846 1.22188 0.0308976 0.00154928 0.243242 
6.84484 0.0216658 0.295461 4.95521 16.5405 0.895279 0.0756387 0.0836822 0.108132 1.21998 0.0309034 0.00155044 0.242865 
6.95161 0.0210889 0.296693 4.97278 16.5981 0.902543 0.0753918 0.0834049 0.107803 1.21809 0.0309093 0.00155159 0.242488 
7.05839 0.0205105 0.297928 4.99078 16.6565 0.909878 0.0751447 0.0831274 0.107474 1.21619 0.0309152 0.00155275 0.24211 
7.16517 0.0199309 0.299166 5.0092 16.7159 0.917284 0.0748975 0.0828496 0.107144 1.21429 0.030921 0.00155392 0.241732 
7.27194 0.0193498 0.300407 5.02805 16.7763 0.924763 0.0746501 0.0825717 0.106815 1.21239 0.0309268 0.00155508 0.241354 
7.37872 0.0187674 0.301651 5.04734 16.8377 0.932315 0.0744026 0.0822936 0.106484 1.21049 0.0309327 0.00155625 0.240975 
7.4855 0.0181836 0.302899 5.06707 16.9 0.939941 0.074155 0.0820153 0.106154 1.20859 0.0309385 0.00155741 0.240596 
7.59227 0.0175985 0.304149 5.08725 16.9633 0.947643 0.0739073 0.0817367 0.105823 1.20668 0.0309443 0.00155858 0.240216 
7.69905 0.0170119 0.305402 5.10789 17.0276 0.95542 0.0736594 0.081458 0.105491 1.20477 0.0309501 0.00155975 0.239836 
7.80582 0.016424 0.306658 5.129 17.093 0.963275 0.0734114 0.0811791 0.105159 1.20286 0.0309558 0.00156093 0.239456 
7.9126 0.0158346 0.307916 5.15057 17.1593 0.971208 0.0731632 0.0808999 0.104827 1.20094 0.0309616 0.0015621 0.239075 
8.01938 0.0152439 0.309178 5.17262 17.2267 0.979221 0.072915 0.0806206 0.104495 1.19903 0.0309674 0.00156328 0.238694 
8.12615 0.0146517 0.310442 5.19515 17.2952 0.987313 0.0726666 0.0803411 0.104162 1.19711 0.0309731 0.00156445 0.238312 
8.23293 0.0140582 0.311709 5.21818 17.3648 0.995487 0.0724181 0.0800613 0.103829 1.19519 0.0309788 0.00156563 0.23793 
8.3397 0.0134632 0.312978 5.24171 17.4354 1.00374 0.0721694 0.0797814 0.103495 1.19327 0.0309845 0.00156682 0.237547 
8.44648 0.0128668 0.31425 5.26574 17.5071 1.01208 0.0719206 0.0795013 0.103161 1.19135 0.0309902 0.001568 0.237164 
8.55326 0.0122689 0.315525 5.29029 17.58 1.02051 0.0716717 0.0792209 0.102827 1.18942 0.0309959 0.00156918 0.236781 
8.66003 0.0116696 0.316802 5.31535 17.6539 1.02902 0.0714227 0.0789404 0.102492 1.18749 0.0310016 0.00157037 0.236397 
8.76681 0.0110689 0.318081 5.34095 17.7291 1.03761 0.0711736 0.0786597 0.102157 1.18556 0.0310073 0.00157156 0.236013 
8.87359 0.0104667 0.319363 5.36709 17.8054 1.0463 0.0709243 0.0783788 0.101822 1.18363 0.0310129 0.00157275 0.235628 
8.98036 0.009863 0.320647 5.39377 17.8828 1.05507 0.0706749 0.0780977 0.101486 1.1817 0.0310186 0.00157394 0.235243 
9.08714 0.00925787 0.321933 5.421 17.9615 1.06394 0.0704254 0.0778163 0.10115 1.17976 0.0310242 0.00157514 0.234858 
9.19391 0.00865126 0.323221 5.4488 18.0413 1.07289 0.0701758 0.0775348 0.100813 1.17782 0.0310298 0.00157633 0.234472 
9.30069 0.00804317 0.324511 5.47716 18.1224 1.08194 0.0699261 0.0772532 0.100476 1.17588 0.0310354 0.00157753 0.234085 
9.40747 0.0074336 0.325803 5.50611 18.2048 1.09108 0.0696762 0.0769713 0.100139 1.17394 0.031041 0.00157873 0.233699 
9.51424 0.00682252 0.327098 5.53565 18.2883 1.10032 0.0694262 0.0766892 0.0998015 1.17199 0.0310465 0.00157993 0.233311 
9.62102 0.00620995 0.328393 5.56578 18.3732 1.10966 0.0691761 0.0764069 0.0994635 1.17005 0.0310521 0.00158113 0.232924 
9.72779 0.00559586 0.329691 5.59652 18.4594 1.11909 0.0689259 0.0761245 0.0991251 1.1681 0.0310576 0.00158234 0.232536 
9.83457 0.00498026 0.33099 5.62787 18.5468 1.12862 0.0686756 0.0758418 0.0987863 1.16614 0.0310631 0.00158354 0.232147 
9.94135 0.00436313 0.332291 5.65985 18.6356 1.13825 0.0684252 0.075559 0.0984472 1.16419 0.0310687 0.00158475 0.231758 
10.0481 0.00374448 0.333594 5.69247 18.7258 1.14799 0.0681746 0.075276 0.0981077 1.16223 0.0310741 0.00158596 0.231369 
10.1549 0.00312428 0.334898 5.72573 18.8173 1.15782 0.0679239 0.0749927 0.0977679 1.16028 0.0310796 0.00158717 0.230979 
10.2617 0.00250255 0.336203 5.75964 18.9102 1.16777 0.0676732 0.0747093 0.0974276 1.15831 0.0310851 0.00158839 0.230588 
10.3685 0.00187926 0.337509 5.79422 19.0045 1.17782 0.0674223 0.0744258 0.097087 1.15635 0.0310905 0.0015896 0.230198 
10.4752 0.00125441 0.338816 5.82947 19.1002 1.18797 0.0671713 0.074142 0.0967461 1.15439 0.031096 0.00159082 0.229806 
10.582 0.00062799 0.340124 5.86541 19.1974 1.19824 0.0669202 0.073858 0.0964047 1.15242 0.0311014 0.00159204 0.229415 
10.6888 0 0.341434 5.90205 19.296 1.20862 0.066669 0.0735739 0.096063 1.15045 0.0311068 0.00159326 0.229023 
